901590
921313
926819
928885
929546
932385
923065
934365
934352
934530
935430
935957
935966
936025
937510
937583
938012
938194
938318
938646
938659
938810
939357
939538
939550
938859
941155
941876
942870
945253
943873
943981
945029
945125
945130
945228
945375
946471
946478
946775
947030
947713
947953
948253
948623
950038
950926
950998
951090
951121
981999
952037
952250
952482
952486
952554
952574
952609
952766
952799
952797
952819
952834
953224
953613
954797
954817
955053
955074
955084
955139
955215
955319
955577
955589
955758
955769
957050
957407
957472
958481
958487
958540
958192
958769
958772
958820
962263
962272
962301
962370
962377
962961
963512
963645
963664
963886
963919
964021
964207
963686
955818
964729
964784
964881
964894
964962
964966
964990
964999
965009
965094
965121
962417
965269
965520
965544
965710
965907
966020
966056
966079
966245
966250
966392
966446
966482
966508
966469
966582
966594
966598
966643
966702
966768
966460
968342
968730
969284
969332
969420
966510
970279
971015
967483
971692
971761
953549
971978
972108
972222
972241
972318
972377
972388
972572
972667
963867
972688
972700
972758
972812
972813
955693
963829
972867
966854
937911
828269
972968
973023
817111
973146
973244
968901
973413
973440
973458
973470
973549
973558
973585
970881
973640
973666
973667
973684
973696
973698
973705
972800
973826
973869
974052
974090
974313
974357
974416
974415
974471
974516
974561
974582
974594
974620
974624
974646
962424
974722
974751
974775
876184
974837
974501
974599
974886
974896
974984
974989
975142
975166
604841
975302
975401
975438
975482
975522
975549
975560
975588
975591
975596
975646
975606
974542
975610
975707
975793
975137
975147
975782
975897
706275
975932
975157
966764
975950
976055
976080
976105
976125
976147
976292
976303
976311
976326
976391
976576
976822
976863
977098
977218
977305
977320
977331
977347
977343
977351
977368
977400
975580
977475
977476
977549
977599
977611
977646
977697
977896
977990
977991
978051
978194
975744
978243
978255
978271
977575
978311
978319
978362
978367
978381
978485
978603
978656
978662
978692
978741
978750
978751
978869
978900
978919
978946
978957
978976
977931
979026
979105
979128
979132
853389
979178
843522
978436
979216
979225
979231
979287
842963
979357
979421
979456
979480
979506
979630
979679
978758
979695
979763
979789
979795
979805
978230
978323
979877
979902
978988
979109
980046
681938
980180
681936
980293
980579
980743
975627
980814
975617
980847
980872
978154
980917
980921
966395
979728
979764
979788
981031
981049
981059
981080
981131
981129
981178
981181
981233
995202
981254
981295
981377
981446
981483
981491
981495
981523
981572
981664
870081
981744
981963
982026
982123
951087
982344
982365
982383
982399
982400
982409
982424
981746
982756
983226
983421
983480
980918
983504
983519
983561
983563
983581
979946
978775
736148
979994
983630
983536
983647
979892
983716
983748
983751
983790
983836
983868
983701
983712
983919
983933
842701
983947
984013
984053
984068
984167
984174
984190
984215
984417
984632
983741
983645
984770
982933
983763
984863
984915
984219
985044
984886
985086
985106
985137
985158
985180
985186
985213
985286
985338
985462
985535
985576
985594
985631
985640
985643
985688
985698
985731
985746
985778
985781
966384
984981
985742
985918
985980
983662
986016
971700
986087
986232
986276
986326
986356
986422
986425
985375
985379
659072
986583
628239
986793
986804
986882
986969
981072
987017
986297
987042
987162
987157
987174
991878
987261
816871
987429
987451
817142
987462
816897
987476
987487
987491
987750
987763
987783
987827
987836
987845
987867
987869
987895
992122
987929
987993
988139
988171
988173
985192
988208
988228
988247
988252
988265
988305
988329
988334
988380
988100
988449
988459
988456
988500
988578
988678
614290
988724
988815
988855
988884
983325
978736
983463
984563
981672
958298
984837
984850
989043
989045
989046
989047
989050
989072
989078
989083
989100
989296
989152
989678
975243
977578
990168
990269
990306
785075
990337
987327
990383
984914
988210
989106
990445
990486
988110
990530
990543
990548
990567
990570
990710
469885
990738
990758
990617
795016
990896
819895
774858
989531
990997
991203
990596
991258
991283
990597
991299
991321
991329
991362
985047
991454
991439
791007
991602
986080
991641
991651
991669
991686
991711
991765
991766
991774
694756
694823
991792
991909
991943
991980
821088
821105
705663
991411
991288
992135
992170
992110
992231
992265
992283
992281
992333
992364
992406
992513
992534
992554
812035
750702
991668
991680
992693
992734
992786
992804
992816
992827
992826
992848
992868
992880
992882
992905
992987
992290
993124
992506
779096
993246
782478
993274
993277
993282
993284
992348
993298
993323
993327
820806
993349
993384
993435
993429
993487
993497
993538
991595
993611
993637
993639
993651
993649
993660
993673
993674
993687
993701
993704
993780
993811
993826
717179
993969
993971
993428
993915
993931
994042
994053
994077
994146
994161
994179
994198
994296
994342
994409
992658
994452
994438
994483
994344
994525
994542
994561
994583
994615
994622
994651
994696
994728
994774
994670
994809
994801
994917
994925
994966
994192
995173
995253
995403
995506
995576
995451
995840
995845
995908
995988
996023
996081
996084
996108
996109
996127
996124
996152
996159
996164
996231
996297
996299
996313
996339
993025
993900
994991
995005
996428
996424
996439
996452
992175
996492
996547
996591
996627
996654
996724
996790
996820
996813
996829
996857
996860
996869
996934
996969
996981
996373
994646
997035
997038
998392
997066
997287
997351
1002213
1000833
997643
997672
991106
997758
997778
997757
997845
997846
997861
997868
997889
997904
997975
998063
998072
998114
998124
998159
998177
998196
998203
998205
998208
998226
998241
998297
998455
997733
997755
998535
998539
998485
998699
819347
998712
998711
862414
998751
998760
998819
998830
997602
997605
998915
998925
998934
912112
999035
999045
999047
999076
999146
994378
655837
997903
999136
994338
997869
997874
999202
999315
999318
997946
999341
999363
999373
999384
999451
680158
999528
999534
932197
671618
999568
999569
866345
999591
698295
999609
999615
999623
999635
999650
999745
999774
999777
999880
870185
1000131
1000319
999723
993352
1000409
1000362
998036
998029
998706
1000580
706195
999288
1000690
1000705
999358
885940
1000946
1000955
1000959
1001061
1001063
1001081
1001087
1001138
1001229
1001243
1001254
1000505
1001123
1000108
1001213
1001276
1001278
1001373
1001415
1001199
1000113
1001478
1001482
1001500
1001553
871679
863109
1001584
1001598
1001626
1001723
1001758
1001225
1001895
1002014
1002024
1000593
1000704
1002071
1000619
1002130
1002190
998680
1001181
1002251
1000641
1002309
1002311
1002348
1002452
1002466
1002467
1002470
1002477
1002490
1002564
886167
1002604
1002633
1002008
1002043
1002726
1002728
1000395
1002051
1002736
1002592
1002762
1001378
1001439
1002864
1001974
1002912
1002922
1001352
1002988
1003017
1003085
1003208
879549
1001044
1003292
1002616
1003373
1002228
1003393
1003436
1003456
1003485
1003445
1003519
999287
1003558
1002889
1003589
1002926
1003500
1003609
1003617
1003711
1003733
1000493
1003808
1003850
1003864
1003941
1003944
706232
1003361
1003410
1003330
1004004
1002879
1003511
1003520
1004084
1004095
1005922
1004147
1004269
1004365
1004385
1004408
1004413
1004434
1004487
1004492
1004662
1004674
1004679
995906
1004706
1004331
1004336
1004735
1004812
1002910
1004859
1004882
692363
1004947
1003625
1004954
1004989
1005013
1005218
1005048
1005068
1004929
1005191
1005201
1005135
1005254
1005258
1005200
1005353
1005402
1005430
1005465
1005558
1005562
1005632
1005633
995907
1005647
1005670
1005691
1005751
1004730
1005765
1005778
1005708
1005839
1005843
1005847
1005788
994276
1005872
1005931
1005968
994357
1006097
994270
1006161
1006019
1002206
1006209
1006232
1005950
1006053
1006070
1006258
1006286
1006297
1006210
1006449
1006528
1006571
1006614
1006701
1006709
1006724
1006719
1006755
1006838
1005877
1006875
1006894
1006204
1006923
1006934
993179
1006966
1006031
1006995
1007003
1007073
1007091
1007110
1007134
1007135
1007130
1007140
1007168
1007198
1007228
1007273
1007278
1007307
1007335
1007343
1007359
1007393
1007544
1007593
1007679
1007688
1007743
1007274
1006952
1007867
1007866
1007961
1007993
1007088
1008096
1007170
1008112
1008135
1008180
1008217
1008254
1008264
1001679
1008303
1008335
1008387
1008436
1008488
1008493
1008497
1008502
1008559
1008561
1008582
1008584
1008642
1008704
1008739
1008748
1008752
1008801
1008808
1008809
1008815
1008824
1007191
1008845
1008856
1008861
1008841
1000462
1008903
1008899
1008973
1008981
1008982
710232
1008124
1008827
1009075
1009084
1009153
1008282
1009226
1009245
1009280
1009423
1009448
890382
1009528
1009653
1009672
1009724
1009789
1009796
1009881
1010168
1010174
995946
1009916
1010367
1010444
1010461
1010509
1010508
1008171
1010532
1010448
1005873
1009576
1010591
1010622
1010671
1010678
747921
1010745
1010783
1009046
1010941
1011010
1011105
1011142
1011160
1009504
1011249
1009940
1009942
1011354
1011362
1011375
1011424
1009674
1011452
1011473
1011541
1011547
1011551
1011556
1011564
1010406
1011626
1011663
1010202
1011700
1011725
1010172
1010171
1011759
1011779
1010066
1011898
1011908
1011968
1012084
1012073
1012103
1012104
1012165
894339
1012197
1012333
1012362
1010503
1012450
1012475
1012532
1012590
1012587
1012603
1012605
1012628
1012572
1012647
1007932
1012671
1012677
1011832
1012716
1011849
1011905
1012751
1010905
1012757
1012760
1012801
1012853
1012862
1012863
1012899
1012941
1012981
1013054
1013075
1013100
1013134
1013163
1013165
1013185
1013232
1013234
1011294
1011303
1007758
1013485
1011818
1013512
1013530
1013544
1013571
1010918
1013626
1013637
1013663
1010881
1013681
1013705
1013431
1013722
1013344
1010806
1013822
1013839
1013872
1013888
1013013
1014074
1014117
1014172
1014174
1014264
1014268
1011345
1014412
1014452
1014480
1014498
1014504
1014515
659382
1014563
1014572
1011664
1011665
1014603
1014608
1014635
1014687
1014545
1014716
1014733
1014738
1014749
1012967
1012887
1014736
1014779
1014827
1011845
1014868
1014922
1012637
1012780
1015001
1015049
1015055
1015118
1015122
1015098
1015200
1015214
1015217
1015226
1015318
1015370
1015396
1015398
1012280
1015681
1015688
1015715
1015754
1015809
1015816
1015879
1016056
1016285
1012359
1012396
1016302
1016330
1016337
1016348
1011669
1015006
1013294
1016457
1013401
1016489
1016637
1016638
1016643
1016690
1013471
1016711
1016508
1016830
1016833
1016868
1016918
1016931
1017045
609379
1013416
1017308
1017335
1016356
1017352
1016485
1016501
1017379
1017389
1021592
1017413
1017435
1017494
1017527
1017538
1017582
1017614
1017616
1017705
1017717
1017804
724084
1017839
1014055
1014986
1015053
627692
1017924
1017997
1018019
1018038
1018045
1018056
1018067
1018171
1017524
1018229
1018277
1018349
1018376
1018435
1018454
1018506
1018549
1018574
1018587
1018604
1017309
1018648
1018766
1018768
1018779
1018798
1018790
1018801
1018806
1018815
1018821
1018827
1018122
1018934
1018220
1019154
1019192
1019213
1017392
1013814
1013819
1014003
1019351
1014854
819385
1019455
1019458
1019476
1019495
1019507
1019520
1013118
1019654
1019658
1019702
1019296
1019743
1019748
1019822
1019868
1019878
1015621
1015626
1019784
1015988
1019849
1019958
1019981
1019991
1016022
1020019
1020080
1020112
1020125
1020130
1005227
1020167
1020195
938819
1020231
1020242
1020263
1020321
1020419
1020465
1020916
1020972
1018949
1018484
1021053
1018529
1021097
1021136
1021142
1021147
1021152
1029144
1016578
1021169
1021272
898487
1021338
1021347
1021389
1021428
1019120
1021622
1021632
1021564
1021618
1021597
1021675
1021696
1019921
1021722
1019173
1021740
1021817
1019185
1021854
1021755
1021887
1021929
838810
1021993
1022006
1022077
1022092
1022130
1022163
1022179
1022196
1022199
1012348
1022251
1022306
1021080
1022314
1022351
1022360
1022432
1022441
1022467
700271
1022496
1022503
1022526
1022554
1022563
1022565
1013288
1022685
912523
1022751
1022761
1022789
1022809
1022882
1022934
1023060
1023138
1023280
1024315
1024735
1025036
1025133
1025171
1025234
1025251
1025307
1019867
1025653
1025753
1025801
1025836
1026443
1026209
1027378
1025994
1019408
1025260
1019428
1022618
1029326
1019442
1029393
1029399
1019935
1029475
1029531
1019978
1029591
1029603
1029696
1029722
1029723
1031036
628818
1031131
1031148
1031742
866774
1032183
1021565
1021586
1021726
1032243
1022272
1022281
1022305
1032292
1032368
1032386
1032387
1032404
1032416
1024640
1032214
1020685
1020692
1032538
1032370
1032451
1032340
1032612
724270
1032741
1032768
1032778
1032788
1021909
1032872
1032921
1033231
1033574
1033686
639686
1034034
1034183
1034205
1017073
1017097
1034795
1017789
1035329
1035698
1035599
1035972
1035989
1030890
1032397
1033029
1036260
1036374
1036415
1032487
1030374
1032737
1037111
1037317
1037416
1037859
1038494
1038515
1017726
1038911
1039988
1035942
1040361
1040423
1040624
1040853
1040841
1040950
1040943
1032585
1032439
1032669
1032689
1032701
1032746
1041130
1041135
1041143
1032539
1041194
1041248
1041250
1041257
1036532
877431
1036574
1041451
1036762
1041683
1041697
1041767
1041852
1041884
1041998
1042028
1042130
1042285
1042721
1041440
1035464
1035939
1013479
1036057
1036084
1036089
1043309
1036135
1036179
1036198
1040160
1043347
1043371
1043403
1049403
1043491
1041911
1043520
1043551
1043632
1043654
1043721
1043755
1043563
1043849
1043860
1043971
1044047
1044053
1044061
1044138
577575
1044238
605532
1044196
1044322
1044762
1044791
1044824
1043128
1043144
1044917
1044927
1045036
1020423
1045072
1045075
1045081
1045150
1045151
1045161
1045229
1043599
1045282
1045288
1014010
1045383
1045471
790681
1045512
1045653
1015366
605704
1045772
1045780
1045795
1045946
1046101
1014377
1014390
1046511
1041717
792223
1046805
1045777
1047383
1047676
1047680
1047955
1048006
1048025
1048042
1048067
1048081
1013279
1048107
1048113
1048134
1048154
1048156
1048166
1045123
1047823
1048249
1048288
1048317
1047937
1048430
1048472
1048490
1048535
1048543
1048605
1048613
1048667
1048669
1048775
1048822
1048896
1048934
1049142
1049175
1049227
1049284
1049602
1049690
1049762
1049784
1049814
1049895
754988
1049929
1045436
1049161
1049958
1049962
1049979
1021092
1050026
1045276
1050066
556495
1050091
1048524
1050155
1045349
1050172
1045368
1050193
1050233
1050251
1050287
1041973
1050466
1050531
1050580
1050716
1050887
1051054
1049434
1051189
1051192
1051220
1051228
1051244
1051321
1051342
1051352
1051365
713763
1047213
1051419
1051420
1047218
1051478
1051466
1051577
1051569
1048299
1051687
1051725
1051759
1051765
1051803
1051895
1051940
1051970
1051984
1052158
1017783
1052349
1052367
1014407
1018448
1032498
1052435
1052578
1052592
1052604
1051902
1052646
1052648
1052659
1052670
1052687
1041607
1052727
1052741
1052833
1052876
1052881
1052895
1052936
1050488
1052978
1053024
1051990
1053205
1053267
731275
926578
913003
1053614
1053684
1051196
1053848
1053945
1052852
1052697
1054025
1054129
1054133
1054148
1054173
1051634
1051642
1054206
1054231
1054280
1054360
1054465
1054007
1054461
1054467
1054482
1054505
1054646
1054705
1054839
1054972
1054974
1054980
1054995
1055010
1055345
1055474
1055857
1055884
1056253
1051351
1056433
1056514
1056541
1056545
1056563
1056609
1056628
1051606
1056727
1056799
1056849
1056888
1056964
1056765
1057004
1057084
1057088
1057138
1057226
1057260
1057534
1057589
1057594
1049941
1054574
1051924
1057759
1057777
1057786
1057820
1057899
1057902
1057904
1057922
1052531
1057952
1057955
1057979
1058000
1058007
1058016
1052721
1058143
1058161
1058206
1058207
1058291
1058345
1058426
1058439
1058625
1058666
1058680
1058769
1058790
1053909
1053930
1058866
1053984
1054219
1054362
1048408
1052817
1058939
1056396
1056471
1056520
1056529
1056297
1058992
1058998
1059024
1058921
1059041
1059049
1059048
1059070
1057767
1059094
1058788
1059129
1059153
1059188
1059191
1059198
1059223
1059229
1059385
1059386
1059414
1059445
1059780
1059790
1059841
1059873
1058815
1059929
1058846
1058847
1058873
1058885
1060057
1060102
1060136
1060066
1060193
1060195
1060201
1060237
1060242
1056489
1051460
1060297
1055244
1060319
1060342
1055259
1060477
1060488
876135
1060602
1060634
1060638
1076098
1061032
1061077
1060111
1060128
1060082
1061264
1060134
1055310
1061396
1061518
1061525
1060203
1061153
1061162
1061170
1061605
1060890
1061789
1061106
1061975
1061977
1062248
1062563
1062618
1062622
1056429
1061065
1062730
1062858
1062935
1062942
1063061
1063308
1063241
1063257
1063333
1063357
1056552
1063520
1063525
1063539
1063580
1063758
862246
996440
784577
1062733
1064050
1064052
1064083
1064132
1064205
1062048
1064278
1062097
1064313
1064350
1064364
1064395
1062896
1064420
1064434
941366
1064447
1064512
1064652
1064841
1057102
1056285
1064930
1057131
1064976
1064987
1064989
1057683
1064572
1065389
1065420
1066093
1066135
639463
1065439
1066348
1066389
1066423
1066470
1064958
1064451
1066625
1066800
946170
1061195
1066949
1066953
1066967
1067034
1067000
1067104
1067125
1067166
1067190
1067159
1067227
684874
1067249
1067263
1067266
1066427
1066354
1057951
1058045
1067356
852560
1067547
1067606
1067793
1067797
1067808
1067818
1067834
1067851
1082078
1068045
1068075
1068048
1068099
1068100
1068125
1068135
1068187
1068190
1068197
1068166
1068185
1068268
1068298
1068357
1068409
1074782
1068476
1068522
1068726
1068943
1069010
1069017
1069042
1069081
1064318
1069217
1069224
1069275
1069323
1069426
1069607
974112
1069864
1069244
766278
1059120
1067878
1067880
1070057
1070059
1070085
1070139
1070027
1069435
1070247
1070256
1070280
1070285
1070324
1070438
1070750
1070757
1070470
1070909
1070980
1071034
1071092
1071415
1071549
1071634
1071656
746396
1071757
1071779
1067987
1070826
1060485
1071895
1071923
1071951
1071958
1061234
1072045
1072086
1061215
1061301
1072181
1072284
1072143
1072668
1072686
1072693
1072715
1072730
1068104
1068904
1064332
1069058
1071773
1072919
1072938
1072939
1064191
1072974
1064204
1064266
1064354
1073191
1073202
1073211
1079102
1079093
1073339
1073461
958054
1073579
1073662
1073667
1073670
1073717
1073741
1073748
1073752
1073791
1071758
1072750
811973
1073891
1073944
1067107
1072211
1073993
1067151
1069062
1070034
1074068
1073469
1074436
1074440
1074472
1073650
1074522
1070730
1074545
1068221
1074602
799092
1073100
1073129
1074814
1074816
1067466
1074872
1074920
1075016
1073067
1075092
1075108
1075144
1075119
1075129
1075201
1075234
1075351
1075398
1075479
1075534
1075573
1075623
1075629
1075633
1075679
1075727
1075845
1075897
1076281
1076382
1076465
1075872
1067358
1068076
1068085
1076603
1077236
1077319
1075796
1068078
1077379
1077388
1068083
1069097
1068545
1077535
1077664
1077672
1077675
1077701
1077704
1077800
1077821
1077851
1077907
1077913
1077965
1078044
1078097
1078140
1078425
1078491
1078497
1078512
1078531
1077586
1076669
1078664
1078826
1078921
1078966
1078973
1079085
1079146
1079147
1079292
1079298
1079341
1079377
1079405
1079441
1079460
1079520
1079504
1079523
1079562
1079568
1079576
1078633
1079701
1076907
1076909
1079747
1079776
1079781
1076923
1077419
860253
1079852
1079920
1079930
1079940
1080235
1080279
1080426
1080657
1080676
1077516
1078484
1072876
1080902
1078608
1080903
1080950
1080966
1080983
1081011
1081079
1081127
1081138
1081149
1081201
1081340
1081357
1081483
1076975
1081642
724601
1081816
1081823
1081835
1081061
1081069
1081097
1081909
1081910
1081991
1082012
1082024
1082032
1082039
1082070
1082093
1082195
1082260
1082300
1082324
1082519
1082561
1082571
1082578
1082579
1082665
1082733
1082826
1082860
1082872
1083069
1083235
1082970
1083296
1083396
1076509
1077449
1083496
1083500
1083526
1083542
1083559
1083706
1082243
1083764
1083847
1083875
1083292
1083313
1083879
1083926
1083963
1078618
1083985
1084021
1070053
1084075
1084132
1084143
1084156
1084322
1084392
1084308
1078129
1076186
1084641
1084758
1082304
1084853
1084864
1085138
1083781
1083415
1083774
1083796
1085368
1085401
1085408
1085421
1085457
1085475
1085508
1076616
1085564
1085612
1097449
1085781
1091989
1085166
1085992
1084626
1085258
1086107
1086115
1085393
1085431
1086167
1086182
1086183
1086191
1086199
1077020
1086284
1086312
1086313
1086321
1086324
1086215
1071207
1086433
1086447
1086551
1086754
1086955
1087035
1074690
1085454
1087079
1087119
1072319
1087198
1087207
1087302
1087401
633397
1087490
1087533
1087563
1087591
1087412
1087662
1087793
1088033
1088307
1088552
1088564
1087190
1088717
1087222
1074713
1088754
1088817
1088158
1088838
1088991
1089074
1089133
1089237
1089294
1089301
1089305
1089377
1089392
1087612
1088848
1089472
1077884
1089501
1089508
1089532
1089569
1089619
1077006
853815
1076960
1089643
1077001
1089666
1089694
1089715
1081051
1089735
1076977
1089796
1089801
1089804
1090063
1090098
1090205
1090208
1090396
1090449
1090510
1090527
1089905
1081093
1089874
1090579
772508
1090643
1090659
1086397
1090753
965684
1090807
1090874
1090883
1090105
1090927
1091184
1091209
1091241
1091247
1087696
1089505
1082933
1091647
1082957
840301
719567
802405
1091970
1091974
1091992
1092109
1092176
1092199
1092245
1092286
1092353
1085340
1092374
1092440
1077948
1085517
1092566
1086238
662777
1101172
1092808
1092826
1093001
1093013
1093054
1092670
1093231
1092599
1092809
1092362
1093384
1093396
1093205
1093212
1093707
1093655
1093589
1094041
1094074
1090326
1090397
1090402
1094094
1094110
1094188
1091221
1091366
1094202
1094214
1091529
1094246
1092496
1094316
1094371
1094385
1094401
1094404
1094407
1094434
1094497
1094505
1094515
1094514
1094521
1094617
1094651
1094670
1094701
1094682
1094717
1094885
1094921
1094967
1094975
1095041
1095052
1095057
1088230
1095161
1058059
1095270
1095302
1095384
1095395
1095434
1095535
1095553
1095623
1095786
1095104
950951
1092331
1092572
1096175
1096201
1096250
1096321
1096388
1096425
1096450
1096449
1096501
1096541
1096542
1096710
1096563
1096882
1096889
1096923
799906
1097015
1097044
1097063
1097068
1097132
1096918
1096909
1097177
1092178
1097218
1097245
1097268
1097290
1097289
1096238
1097319
1097330
1097415
1097456
774569
606339
1097677
1097698
1097774
1097152
1091199
1097918
1097881
1097936
1097953
1097999
1098014
1098022
1098031
1094348
1094422
1098125
1098188
1098185
1098207
1097628
1097026
1097744
1098108
1097805
1098117
997879
843117
1097818
1098377
1097583
823290
1098511
1098538
1098642
1098665
1086035
1098462
1098879
1098950
1098983
1094228
1094923
763011
1099102
1096295
1099120
851273
1099152
1099239
1099240
1099226
1096382
1099475
1099504
1099517
1099561
1099605
1099657
1098008
1099710
1098778
1099894
1099933
1099957
1099980
1099999
1100033
1100125
1099975
1100173
1100219
1100217
1100316
1100347
1100369
1100387
1100401
1100409
1100449
952061
1100563
1100704
1096811
1099828
1100797
1095924
1100814
1100830
1096857
1100913
1100949
1100967
1101043
1101152
1101247
1101296
1101298
1101370
1101476
1101499
1101091
1096973
1101626
1101703
1101704
1101702
1101726
1100763
1101120
1101792
1098246
1098124
1101858
1101866
1101912
1101935
1101956
1099335
1102001
1101633
1102073
1102210
697391
1102267
1102320
1102489
1097025
1097106
1102552
1101651
1102617
1102642
1102643
1102696
1102670
1102730
1102757
1102797
1101559
1102881
1102868
1102999
1100269
1103078
1103269
1103271
1103425
1101672
1101652
1102919
1101892
1103632
1102927
1103690
1103777
1103803
1103841
1103719
1103896
1104044
1104057
1104099
1104103
1103966
788503
1104307
1104751
1104754
1104741
1104753
1104902
1104980
1105172
1105219
1105242
1102524
820828
1105237
1105269
1105417
1105459
1105566
1105466
1105626
1105772
1105840
1105902
1101550
1106039
1106060
1106143
1106152
1106174
1106314
1106375
1097991
1105350
1106426
1106439
1106449
1106445
1106475
1106478
1098350
1106532
1106680
1106749
1106764
1106770
1106882
1106961
1107002
975297
1098970
1098975
1098987
1107202
1099324
1107212
1100962
1107331
1107402
1107434
1107497
1107504
1107437
1107796
1107820
838185
1108060
1108056
1108150
1108198
1108355
1108493
1108511
1108611
1108632
1108657
1108679
1108812
1108820
1108408
1108999
1109001
1109092
1105864
1108132
1109394
1109553
1109561
1109034
1109668
1109106
1099807
1099810
1099855
1109930
1109472
1106180
1109993
1106337
1110023
1110044
1110029
1110057
910450
1110076
1110109
1107962
1110129
1110150
1110176
1110207
1110245
1110296
1108849
1109929
1109941
1109943
1109966
1110631
1110676
1110708
1110748
1110755
1110772
1109970
1110838
1108260
1110972
1108861
1111078
1111101
1111131
1111135
1111164
1111304
1111496
1111513
1111533
1110594
1106588
1111653
1111670
1111679
1111706
1116614
1111766
1111782
1111728
1111790
1111473
1111925
1111958
1111966
1111973
767311
1111999
1112432
1112442
781484
1112542
1111651
1112703
1112800
1112794
1112835
1112969
1112976
1113115
1113120
1102591
1113051
1113211
1113215
1112942
996850
1113302
1113309
1113319
1113321
1113303
1113355
1113268
993262
1113378
1113394
1113457
1111662
1111816
1111825
992563
1113527
1112423
1113569
1113710
1113783
1113833
1114063
1114162
1114223
1112662
1114657
1114501
1114671
1114806
1110709
1114829
1110774
1112364
1112231
1114908
1114990
1115023
1112726
1115068
1115045
1115081
1114449
1115115
875471
1105408
1115491
1115519
1115213
1115564
1115585
1115686
990661
1115705
1115703
1115905
1115148
1116044
1115393
939980
746662
1116123
1116165
1116175
1116191
1116201
1116234
1116250
1116280
1116311
1118203
1116370
1116384
1116389
1116405
871396
1116538
1116542
1110010
1116634
1116638
1116759
1116182
1116919
1116920
1116927
1116939
1116964
1117010
1117018
1117035
1117147
1117212
1116229
793366
1117403
1117534
1117326
1117689
1117726
1117738
1117768
1114840
1117807
1117819
1118046
1118111
1118128
1118332
1118339
1118355
1116418
1116410
1116442
718088
1118444
1118481
1117387
1117389
1115795
1118578
1115637
1118611
1118613
735743
1118695
1118713
717251
1118733
1118758
1118764
1118787
1118863
1118909
802171
1118915
1118924
1118967
1118976
1118997
1118998
1116551
1117545
1118568
1119104
1119123
1119228
1119238
1118544
1119596
1119666
1119687
1119689
1119690
1116755
1119708
1116742
1119722
871323
1119763
1115769
1117356
1117360
1119840
1115412
1119858
1116623
1116780
1116670
1116683
1116690
1119998
1119999
1115212
1120066
1120089
1120134
1120149
1120159
779572
1120330
1120336
1120369
1120386
1118842
1120408
1120426
1120429
1120443
1120446
1120451
1120490
1120521
1120536
1103676
1120600
1120644
1118580
1120748
1120757
1120764
1120779
1116515
1120827
1120856
1117578
1117253
1120963
1120986
1120999
1121019
1120967
872969
1121079
1121091
1121099
1121134
1121196
1121320
1121342
1121598
1121665
1121791
1121829
1121867
1121875
1121895
1121930
1120671
1122057
1122135
1121041
1122193
1122201
1121015
1120128
1121336
1122243
1122260
1118447
1118523
1126044
1122363
1122466
1122490
1122526
1122615
1122664
1117482
1117493
1123143
1123173
1123238
1123256
1119305
1123470
1123357
1123520
1123521
1123558
1123562
1123565
1123627
1123641
1117880
1123658
1123670
1123674
1123682
1123737
1123767
1115783
619098
1123854
1010993
675513
1123906
894319
1124057
1124074
1124240
1124295
1119847
1124340
1120573
1120574
1124362
1124373
1123535
1124426
1124462
1124473
1124482
1124490
1120530
1120604
1124538
1123971
1123999
1123929
1124574
1124521
1124585
1124624
1124636
1124643
1124656
1124676
1124680
1124720
1123989
1124984
1121391
789108
1125206
1125277
1125386
1125449
1125469
1125494
1125538
1125656
1125791
1125799
1122863
1125981
1125990
1120679
1120758
1120791
1126079
1126133
1126136
1123250
1124404
1126176
1126231
1122251
1126310
1124736
1125662
1126319
1125322
1126346
1125362
1125316
1126413
1126417
1126422
1125345
1126505
1126529
1126681
1126704
1126737
1126772
1126881
1126937
1126993
1127064
1126363
1123054
1123070
1123076
1127237
1126608
1127262
1127263
1127295
1126578
1123294
1123832
1127534
1127645
1127646
1127656
1127946
1128054
1128064
1128097
1128102
1128128
1128130
1125954
1125959
1128149
1128204
1126637
1126012
1126091
1127268
1126244
1126271
1128332
1128355
1128371
1128385
1128386
1128423
1128505
1128447
1128564
1128601
1128640
866893
1128655
1128726
1128802
1128869
1129064
982740
1129138
1129145
1129242
1153351
1127128
1128558
1129320
1129335
1127185
1128250
1129383
1129392
1128555
1129181
1129407
1129476
1129530
1129647
1128510
1129753
1129803
1129832
1129849
1129937
1129942
1130016
1130061
1130074
1130090
1130110
1130252
1128673
1125727
1130376
1126535
1130397
1127215
1130608
1130689
1130809
1130987
1131041
1131105
1052074
1129111
1126214
1126276
1126235
1131479
1131540
808211
1131554
1129237
1129262
1131699
1130114
1131764
1129339
1131959
1131998
1132055
1132064
1132077
1132131
1132150
1130117
1132259
1132260
790928
1132284
1132319
1132364
1130133
1132407
1011671
1132463
1130059
1132548
1132634
1132665
1132714
1132764
1132766
1132777
1132807
1132838
1132939
1132941
1132966
1132988
1130188
1133109
1131516
1133175
1133188
1133192
1132701
1133253
1132742
1133281
1133282
1133306
1133388
1133409
1133417
1133593
1133600
1133607
1018881
937907
725751
1128346
1123455
1131646
1133967
1134008
1134014
1134031
1134042
1134053
1130221
1132232
1134093
1134149
1134147
1134154
1134192
1134196
1134207
1134213
1134278
1134369
1134372
1134381
1134430
1134453
1134488
1134592
1132357
1134706
1134713
897855
897860
897869
1134737
1134740
1134760
1134794
1134854
1134889
1134941
1134676
1135015
1135044
1135135
1135187
1135247
1135275
1135295
1135313
1135329
1135357
1135372
1135378
1135941
1135978
1136020
1135035
1136155
1128210
1136176
1048344
1136200
1136240
929639
1136323
1136426
1011960
1136464
1136599
1136674
1133082
1136883
1056558
1136934
1137038
1133099
1133154
1137077
766370
1137107
1016096
1137132
1137208
1137371
1137468
1137485
1137528
1135088
1137680
1137834
1137932
1138096
1138138
1138200
1138332
1138367
1138382
1138415
1138437
1138508
1138526
1138581
1138790
973831
731809
1138845
1137702
1138879
1139120
1139139
1139237
1133939
1133993
1134007
1138668
1139449
1139483
1134750
1134792
665489
1139539
1139553
1139598
1139609
1139625
1139700
1138226
1139747
1139900
1140144
1140204
1136041
1136867
1136873
1130225
1140451
1137062
1137119
1140518
1137126
1140521
1140523
1137227
1140536
1140572
1140571
1132518
942010
1137142
1134678
1140652
1140661
1140668
1140678
1140774
1140777
1140791
1140800
1140880
1140898
1140958
1138913
1141035
1141076
1141354
1141366
1139389
1139394
1139402
1142408
1142445
1134383
1142522
1140805
1142591
1139484
1141412
1137275
1141433
1142719
1138494
1142456
1138496
1142751
1142465
1142766
894862
894845
1142950
1142970
1143128
642606
1143157
1133705
642620
1143234
1143241
1143240
1143271
1143331
1143376
1139405
1140189
1143425
1143448
1143559
1142784
1142789
1143629
1140264
1143690
1143617
1143731
1143790
1143794
1143715
1143831
871371
1143866
1143878
1143901
1143908
1143924
1143951
1143988
1144002
1144006
1144020
1144095
1144121
1144297
1144415
1144424
1144443
1144572
1144798
1143939
1144825
1144848
1144865
1144870
1144882
1144845
1144941
1142270
1143912
1145041
1138524
1145070
1145094
1145118
1145127
1145148
1145188
1145212
1145214
1145006
1143782
1145585
1145629
1023072
1145763
1145854
1145871
1145978
1146135
1146174
1145062
1146252
1146251
1146298
1134120
1146330
1146403
1146430
1146477
1145292
1146502
1145185
1157748
1146536
1146240
1146582
790985
964580
1146706
1146725
1090744
1146967
1146985
1146991
1147013
1147063
1147081
1147108
894870
1146467
1143379
1147321
1147381
1147392
1147403
1147408
1146471
1147547
1147552
1147546
1147575
1147602
1146588
1147623
1147628
1147657
1147686
1147819
1147826
1147958
1148001
1148128
1148150
1148155
1148205
1148543
1148615
1148671
1148776
1149121
1149129
1149146
1147646
1149430
1149456
1149530
1149551
1149556
1149580
1149584
1143492
1143511
1149713
1149740
1149805
1147545
1149823
1149902
1147814
1149958
1150016
1148616
1150051
1150098
1150117
1150193
1150267
1150271
1150284
1149828
1150298
912016
1150393
1150444
1150449
1150502
1150527
1150513
1150536
1150234
1150575
1150793
1150832
1150867
1150909
1144888
1144961
1146133
1146197
1151014
1151192
1151195
1151303
1138230
1150211
1151407
1144042
1150002
1139395
1142342
1151456
1151508
1151591
1151667
1151680
1151695
1151700
1151711
1151813
1151828
1151856
1143702
1145081
986280
1148677
1052618
1145154
1152176
1152245
1152210
1152294
1146226
1152358
1152406
1152425
1152470
1152535
1152577
1152596
1152616
1152642
1152664
1152851
1152890
1152959
1152987
1153019
1153075
1132533
1152357
1153127
1153229
1153234
1153238
1153280
1153378
1149820
1148587
1136258
1153473
1151587
1136819
1153577
1153611
1153659
1152060
1153763
1153851
1153886
1153890
1154103
1154127
1154267
1154294
1152465
1152391
1154393
1154406
1154459
1154507
1154531
1154559
1154593
1154606
1154628
1154672
917890
1154712
1154718
1154723
1154695
1153607
1153604
1154846
1154914
1154970
1155052
1155132
1090701
1155214
1155265
1155445
1155481
1155509
1155740
1155841
1152100
1154804
1155879
1155888
1155908
1153508
1155927
1153667
1155971
1155973
1155981
1156010
1156045
1156201
1165946
1156273
1156303
1156314
1156335
1156342
1156515
1156536
1156557
1156666
1156682
1156705
1156823
1154543
1156863
1154613
1157106
772629
1157162
1156509
1156569
1157253
1157266
1156744
1156493
1157346
1152250
1153389
1147704
1154307
1157530
1154347
1157544
1157574
1157586
1157688
1157695
1157734
1157849
1158060
1158094
1158115
1158156
1149236
1158298
1158339
1150384
1158391
1158399
1158424
1158497
1158601
1158611
1158620
1158623
1158730
1158732
1158768
1158828
1158866
1158896
1158950
1158953
1156571
1159012
1159025
1159040
1159033
1159004
1153331
1156135
1158075
1158088
1158121
1159164
1157698
1159210
1156971
1157819
1159287
1159305
1159360
1159336
1159549
1159642
1159955
1155438
1160148
1160244
1160250
1149931
1160264
1153321
1160287
1158148
1160304
794423
1160317
1157808
1160333
799812
1158305
994061
1160318
1160347
860296
1160507
1160529
1156997
1160648
1160801
1160853
1160932
1160934
1160935
1161010
1161022
1160713
1161047
1161076
1159253
1159998
1161094
1161112
1159219
1161127
1159298
1161222
988285
1160852
1161303
1158830
1161596
1161622
1161798
1161879
1161884
1162764
1162979
1162984
1149906
1163017
1160372
1163088
1163097
996068
1163184
1163297
1163555
1163566
1163588
1163622
1163742
1164182
1164195
1153140
1164232
1164234
1164411
1164474
1164521
1164484
1164542
1164547
1164546
1164567
1164588
1164582
1156931
1164645
1164692
1164827
1164878
1164922
1165107
1165168
1165208
1165249
1165264
1165269
1165304
1165379
754581
1162785
1165282
1165336
1164697
1165454
1164684
1164672
1164671
1165520
1165548
912833
1164625
1165727
1165734
1159189
1165801
1165836
1166066
1166068
1166133
1166138
1151022
1166123
1166154
1166227
1166286
1166294
1166520
1166957
1166962
1166977
1167008
1150078
1167128
1165777
1167149
733315
1167193
1155716
1167270
1167324
1164127
1167351
1167352
1167356
1167417
1167443
724377
1167513
1167525
745497
1167626
1167642
1167641
745506
1167665
866469
1167777
1167791
1167800
1167747
1167863
1167903
1167918
1167959
1168067
1168100
1168134
1168188
1168226
1151959
1168241
1168275
1168388
1168406
1168424
1168603
1168744
1168792
1168815
1168937
1168966
1168999
1169174
1169269
1169277
1169282
1169347
1169350
1169237
1169249
1008708
1169458
1169604
1169652
1169756
1169776
1169798
1169916
1170029
1170135
1170151
1170162
1169515
1170239
1170262
1170304
1169644
1170440
1166683
1170416
1166698
1170439
1170570
1170597
1170593
1167191
1170704
1170499
1170759
1170753
1170429
1170792
915104
915140
991828
1165570
656813
1170993
1170999
814252
1171061
1171169
1171207
1171240
1171256
1171262
1171280
1171370
1171507
1171513
1157753
1171603
922051
1170856
1171899
1171912
1171993
1171483
1172021
1171900
1171919
1172091
1172111
1172147
1172242
1172252
1172308
1153164
1153161
1172382
1172410
1062925
1190974
1172696
1182657
1172946
1172960
928053
1173067
1173111
1173136
1173140
1173250
1173333
1173490
1173552
1173666
1164108
1173730
1173747
915117
1173857
1173868
1173876
1173897
1173931
1171223
1174144
1174176
1174307
1174383
1174401
1174403
1172754
1174414
1174435
1174446
1172818
1174472
1174493
1174516
1174577
1174587
1152041
893805
1174640
1174681
1166473
1171959
1174775
1054995
1174850
1174858
1174890
1174956
1174967
1174972
1174982
1175000
1175002
1175043
1175082
1175149
1168120
1175203
1175206
1175235
1175243
1175246
1170649
1170689
1175156
1169114
1175296
1175299
1175261
665543
1169291
1175318
1175317
1175322
1175325
1158491
1172824
1175459
1171790
1175516
1175546
1175608
1175669
1175722
871793
1175739
1179554
1175794
1175834
1175919
1176076
1165275
1167967
1165448
1176158
1176263
1170325
1176271
1171316
1050015
1176370
1066345
1176380
1176398
1176414
1176385
1176419
1176475
1176481
1176494
1176596
1176607
1176615
1176676
1176742
1176823
1176899
1176921
1176939
1176985
1177015
1177036
1177045
1177048
1185808
1171389
1177213
1177231
1177249
1171497
1177265
1175447
1177293
933083
1177297
1177310
1177374
1177376
1177451
1171921
1177500
1177488
1177547
1177463
1177606
1177629
1177643
1177683
1177772
1177786
1177813
1177840
1177852
1177844
1176507
1177893
1177900
1178001
1178050
1178108
1178162
1169326
1178195
1178317
1178253
1178221
1178457
1178528
1178580
1178735
1178883
1178895
1178902
1178906
1178922
1158528
1178951
1178990
1179014
1179057
1179063
1169007
1179065
1179090
1179105
1179147
1171849
1179201
1179270
1179286
1179277
1177732
1179367
1179380
1179345
1179401
1179400
1073352
1179429
1179433
1179439
1179440
1179444
1179513
848069
1172012
1179648
1179652
1179659
1179664
1179762
1178940
1179833
1179927
1179966
1180151
1180333
1180340
1180353
1180389
1179726
1074834
1180574
1180943
1180946
1181019
1181175
1169076
918702
1181733
1181790
1181802
1181809
1181856
914332
1181946
1181991
1182005
1186801
1182271
1169738
1182309
1182352
1182351
1182400
1178996
1182621
1182656
1182702
1182835
771740
1183299
1183437
1183549
1183606
1179871
1183672
1183691
1179914
1183844
1179320
1169770
1183896
1182306
1181854
1183967
1182451
1184013
1184119
1184146
1184186
1184249
1180493
1184386
1184431
1184538
1167444
1184732
1184799
1184846
1170746
1184935
1171567
1184830
1008725
1184916
1185026
900385
1185267
1185522
1169037
1186341
1186348
1186355
1185043
1186426
1186427
1186481
1186503
1185302
1186565
1186596
1186682
1186693
1186768
1176377
1186893
1186960
1181868
1187007
1180018
1187017
1183773
1187048
1187057
1187061
1187073
1187039
1180217
1187122
1187136
1187164
1187203
1187298
1187447
1187476
1187506
1169040
1187683
1180060
1187691
1187747
1187139
1187822
899072
1187839
1187842
1187856
1181806
1181889
1006029
1188025
1188071
1188107
1188156
1188163
1188215
1188306
876214
1188352
726613
1188383
534017
1188977
1188955
1167412
1187119
1189167
1189174
1189190
1189219
1182061
1187985
1182161
1189367
1182304
1189380
1189410
1189448
1169318
1189826
1189997
1190119
1190123
1190131
956878
1190227
1187033
1190368
1190375
1190434
1190364
1190470
1190473
1190488
1190493
1180238
1176782
1184240
1190645
1190676
1185072
1185996
774655
1190810
1190605
1190879
1190894
1190897
1190905
1190929
1191011
1191040
1191096
1191443
1191644
1191715
1191721
1191809
1191934
1191945
1191957
1191961
1021768
1192022
1192020
1187615
1192046
1185105
1192071
1186367
1192090
1192100
759946
1192175
1171550
1192205
1190519
1192221
1192282
1192298
1192355
1192365
1192418
1192431
1192501
1192515
1192518
1192559
1192723
1187700
1187709
1192827
1192866
1192919
1192937
1193027
1193029
1193090
1193176
1193182
1193198
1193245
1193256
1193255
1193272
1190324
1193458
1193464
1190397
1193672
1190411
1206887
1193737
1193750
1193020
1191571
1022411
1193822
1193836
1193839
1193867
1171589
1193951
1193958
1193975
1194016
1194076
1191227
597429
952023
1194161
1194267
1194456
1193647
1194459
1193670
1193702
1194489
1194525
1193803
1194538
1192078
1193882
1194390
1194554
1194572
1194605
1194626
1194621
1194641
1194706
1194709
1197305
1194812
1194822
1194831
1193224
1194915
1194943
1194419
1194958
952186
1194989
1195025
1195029
1195049
1195050
1195066
1195082
1195093
1194348
1195156
937388
1195191
1195290
1195304
1195309
1195160
1195437
1181206
1195497
1195513
1195524
1195539
1195574
1195653
1195666
1195697
1194086
1195751
940357
1195878
1191320
1195966
1195967
1196033
1196255
767422
1196308
1196372
1196452
1196456
1196511
1196926
1197048
944156
1197139
1176302
1176554
1177520
1177542
1197340
1197363
1197373
1197376
1197401
1197452
1197493
1197508
1197511
1197534
1197754
1197894
1197909
701072
1197993
1198006
1198047
1197099
1197155
1198071
1197204
1197833
1198130
1197887
1197900
1198161
1197344
1045239
1198190
1198248
1198257
1198280
1198321
1198330
1198361
1198398
943990
943980
1198489
1198589
1198596
1198631
1198727
1198791
1198816
1198921
1186864
1199071
1199137
1199146
1199151
1199166
1199201
1199209
1199231
1199184
1199263
1199275
1199307
1199328
1199366
1199386
1199402
944168
955625
1199563
1199608
1199625
1199680
1199686
1199782
1199832
1180030
1199950
1199960
1200001
1200033
1200042
1200053
1195522
1200103
1200145
1200152
1199205
1200180
1200189
1200208
1200318
1200375
1200377
1200403
1200427
1200470
1200575
1198795
1200610
1200676
1200768
1200795
1197843
1199358
1200948
1200967
1199446
1201107
1201105
1201157
1201198
1200333
1201226
1201257
1201287
1201296
1218024
940629
1201324
1201403
1201520
1196095
1201832
1202083
1202139
1202186
1202196
1202203
1193908
1202494
1202507
1202521
1202557
1195460
1202603
1202569
1202624
1202552
1202632
1202636
1202645
1202545
1202686
1202724
1202774
1202804
1202811
1202821
1202844
1202893
1202983
1200528
1203077
1203082
1203165
1203171
1084502
1203212
1203255
1203300
1203322
1203336
1203344
1203393
1203404
1203436
1192895
871941
1203590
1203614
1203587
1203454
1203675
1203685
1203723
1203786
1203509
1203809
800088
1203870
1203911
1084495
1204003
1200523
1204254
1204337
1204392
1204462
897966
1198201
1204516
1204514
1204577
1204595
1211114
1204689
1204691
1204695
1204707
1204712
1204722
1204739
1204760
1204766
1204785
1204814
1204890
1204889
1204904
1204931
778231
1204985
1204992
1205046
1205051
1205054
1205067
1205085
1205170
1205178
1014117
1205226
1205244
1205258
1205267
1205271
1205351
1205471
1205508
1205520
1199127
1199851
1204735
897759
1205554
1199897
1204709
1204747
1205612
1205651
1205688
1204772
1205721
1205373
1205762
1205831
1205978
1206004
1206030
1206029
1206025
1205702
1206259
1206411
1206413
1206424
1206426
1206493
1206529
1206577
1206595
1199901
1206604
1206615
1206616
1199948
1199949
1204828
1206669
1206677
1200071
1206712
1206723
936225
1206903
1206996
1207000
1207056
1207115
792126
1206843
1207410
1200804
1200807
1200839
1207435
1207492
1207574
1206748
1206827
1207774
1201016
1201057
1207814
1207999
1208026
1208108
1205773
1208156
1208186
1208203
1208215
1205798
1095989
1207555
1208292
1208329
1208389
1208476
1208586
1208620
1200238
1208752
1208777
1208802
1208881
1209007
1209010
1203261
1215236
1209312
1209376
1209489
1197824
1202513
1209541
1209558
1209589
1149676
1209611
1209612
1209409
1209662
1209675
1209686
1209696
1209748
1209812
1209853
1209857
1209875
1209886
1209891
1209893
1209908
1210053
1210061
1210083
1210198
1210246
1210267
1210276
1210290
1210308
1210399
1210429
1210443
1210486
1210501
1210574
1209089
1207928
1210648
1210719
1210726
1210250
1210850
1210855
1210926
1206590
1208807
1210966
936655
1211025
1211053
1211061
1211099
1208946
1211223
1211320
1211364
1211396
1211495
1208928
1205861
1211547
1211552
1211556
1211648
1211970
1211977
1212092
1212330
1212352
1212390
1099992
1211035
1212562
1063526
1212576
1211636
1212648
879285
1212665
1212709
1212836
1212896
1212906
1212990
1212997
1213000
1149745
1213037
1213092
1213094
1213051
1213123
936213
1213131
1210861
1213182
1213221
1213237
1213266
1213294
1213439
1213453
1213385
1213471
1213529
1213559
1213570
1213589
1213599
1213621
1213649
1213672
1213677
1213807
1213843
1213712
1212385
1213853
1213880
1213930
1204669
1213972
1213994
898997
1214053
1214086
1214130
1213924
1214261
1203422
1214277
1214290
1214319
1214348
1214351
1214358
1214397
1214548
1214575
1214616
1213810
1214691
1213908
1214806
1214815
1214825
1214843
1214917
1214961
1214972
1214980
1214997
1215052
925247
1215115
1218077
1215312
1215332
1215523
1215544
1215607
1215652
1215659
1215676
1215719
1215745
1215779
1215773
1215858
745561
1215870
1215985
1216013
1216020
1216014
1204436
1216132
1216189
1216194
1216253
1216261
1216270
1216074
1216520
1216529
1216583
1216404
1216727
1216729
1032508
1216775
1216779
1213400
1216793
1208529
1208533
781025
1051778
1214866
1216891
1216902
1216961
1217005
919662
1216139
1217092
1217117
1217130
1217252
1217337
1217447
1217475
1217482
1217520
1066917
1217534
1066963
894854
1217579
1217626
1217653
1217666
1217670
1217680
1217681
1217691
1217720
1113537
1217783
1217685
1217860
1217874
1217878
1217911
1217947
1218000
1218009
1218082
1218169
1218188
1218198
1099712
987380
1218506
1218516
1218561
1216897
1218623
1218630
1218640
1218655
1218667
1218656
1218639
1218660
1218701
1218804
1218855
1218862
1218869
1218876
1218877
1218925
1218949
1218916
1218957
1218969
1218988
1218992
1219030
1219082
1219121
1219125
1219129
1219169
1219197
944663
1219285
1219328
1219347
1216894
1208668
1211874
1219398
1219441
1219455
1219505
1219502
1219524
1219539
1219558
1218838
1219573
1219580
1219592
1150723
1219772
1219889
1219640
1219925
1101157
940649
1219361
1220139
1220143
1220229
1220245
1220266
1220277
1220306
1219382
1220375
1220378
1216066
1220509
1220537
1220547
978154
1219823
1220416
978795
1220534
1220566
986107
1220580
979822
1219520
1220698
1220558
1220823
1220831
1220835
1220846
1220850
765075
1220872
1220877
1220879
754192
1221004
1221013
1221110
966084
1221140
1221151
1221159
1220778
1220744
1221242
1221258
1221291
1221512
1221645
1221729
1221790
1221897
1222017
1208691
1217575
1222078
1222100
1222073
1215362
946262
1215340
1211906
1211888
1211885
1209512
1222156
1209547
1209580
1209674
1222237
1222263
1222298
1222412
1222429
1222439
1222462
781152
1222491
1222603
1222649
1222665
1222734
1222782
1222797
1222817
1222846
1222867
1222903
1211824
1212880
1212901
1222965
1212202
1212916
1212923
1212993
1222984
1213053
1213915
1214725
1214751
1213730
1214804
1213808
1213867
1213879
1213761
1223089
1223150
1223199
1223162
1223191
1223233
1223232
1223243
1223246
1219668
1223313
1223321
1223340
1223462
1223466
885901
841325
1223497
1223515
1223527
1223530
1223611
1223617
1223691
1223727
1223830
903099
1223140
1224003
1224099
1224212
1224310
1224334
1224358
1224363
1224408
1224419
1224427
1224397
1224479
1224490
899423
1224593
1224675
903162
1224762
1224773
1224871
1097761
1224959
1224989
1225049
1225026
1225097
1224195
1225198
1225210
1225244
1225261
1225298
1225310
1225317
1225382
1225393
1225207
1225399
1225444
1225521
1225560
1225605
1239327
1225660
1224789
1225761
1225783
1225944
1225953
1225120
1226027
1226042
1226058
1226062
1226070
1226157
1225411
1225224
777220
1226269
1226272
1226408
1226518
1226559
1226625
1013210
1012203
1227039
1227040
1179815
1143355
1227103
1227129
1227152
1227179
1226520
1227233
1227242
1226829
1227298
1227315
1223483
1227418
1227508
1227501
1227532
1227553
997684
1227578
1227729
1227895
1227905
1227949
1217627
1227992
1228076
1228129
1228154
1227453
1227661
1228270
1228293
1228318
1228338
1144807
1228356
1228376
1228379
1228470
1228483
1228484
1228582
1228585
1228688
1228756
1228767
1228832
1228847
1228856
1228891
1228906
1210343
1211009
1229044
1229042
1229077
1229087
1229127
1229244
1232744
1232639
1229417
1229128
1228055
1229500
1229150
1229792
1229835
1229877
1229888
1229918
1230026
1230027
1230177
1230242
1230256
1230273
1230367
1230402
1230416
1229441
1230514
1229456
1230576
1229484
1228587
1230596
1228631
808629
1230715
1230735
1230752
1230791
1230838
1230863
1230966
1231078
1165377
1231105
1231157
1231208
1231212
1231232
1231258
1231332
1222390
1231421
1231461
1231428
641437
1231503
1230781
1231287
1229052
1231664
1231710
1231736
1231767
1231790
1231802
1231840
1231888
1231385
1231495
1231929
1231960
1231984
1127912
1229577
1232068
1232103
1232137
1232261
1116470
1232390
1232314
1232413
1232443
1232453
1232498
1232496
1232507
1232569
1232582
1232584
1232651
1232738
1232746
1232786
1231611
1232383
1232995
1232594
1233070
1233145
1233175
1233218
1233220
1233167
1233240
1233246
1113659
1233309
1233313
1233336
1233353
1233383
1233393
1233397
1233468
1233473
1233489
1233500
1233524
1233526
1233531
1111278
1233570
1233035
1233574
1233591
1233619
1233617
1233719
1233720
1233757
1233761
1233798
1233444
1233867
942436
800101
1233211
1233802
1234155
1234207
1234209
1234217
1234253
1234255
1234262
1234266
1234297
1234340
1234350
1234357
1232909
1234381
1234385
1233172
1234394
1234441
1234452
1234415
1234420
1234443
1234268
1233327
1234886
1234888
1234931
1235036
1232844
1235050
1234847
1235076
1235084
1235093
1235112
1235125
1235139
1235174
1232520
1235203
1235206
1235234
1235242
1235258
1235377
1235388
1235481
1235484
1235529
1235688
1235703
1235711
1235721
1235752
1235770
1235665
1235813
1235840
1235883
1235912
1235951
1078087
903146
1236067
1236091
1236094
1236176
1236188
1236207
1236221
1232803
1236259
1236253
1236337
1236408
1236446
1238874
921311
1236486
1029569
1236455
1236508
1236526
1236586
1236602
1072193
1236637
1236643
1236665
1236708
1236739
1236815
1076264
1236904
1076276
1237020
1237050
1237059
1237064
1237079
1237120
1237129
1237130
1237143
1237252
1237254
1237253
1237256
1237275
1237268
1237309
1237359
1237403
1237412
1237418
1237433
1237442
1237455
1237490
1237532
1237538
1237547
1237574
1241302
1236250
1237662
1237671
1237696
1237785
1136700
1237788
1237820
1237822
1237859
1108846
1237910
1004715
1004717
1004722
1238125
1238209
1238241
1238315
1238330
1238489
1238596
1238769
753627
1238809
1238824
1238872
1238885
1238897
794494
1238910
1238915
1238916
1238942
1011579
1238994
1238744
1239002
1004750
1007743
1238818
1239047
1239052
1239070
1239084
1237423
1239082
1238371
1239158
1238400
1239180
1239188
1239209
1236714
1239219
1239227
1239233
1239300
1239340
1241975
1239368
1239371
1239455
1239566
1239652
1239700
1239760
1238789
1239797
1239817
1239844
1239857
1239860
1005800
1239867
1239878
1239883
1239935
1239954
1239983
1239988
1240012
1240016
1240037
1240050
1240069
1240106
1240111
1240122
1239170
1240275
1053295
1240395
1240424
1240463
1240481
1240484
1240588
1240648
1240676
1240696
753486
1240741
1240742
1240754
1240811
1240817
1119846
1143831
1240907
1240919
1240921
1248646
1240980
1241042
1241043
1241115
1241152
1241189
1241201
1241256
1241319
1241330
1241336
1241158
1241332
1241438
1241481
1241467
1241505
1241536
1241544
1241600
1240314
1241614
1101426
742143
1239789
1241752
1241768
1241793
1241809
1241866
1241868
1241885
1241907
1241911
1241934
1241955
1241961
1241965
1097104
1241978
1241997
1242047
1242084
1242097
1241301
1242034
1241066
1242136
1242165
1242211
1137539
1241712
1242329
1242363
1242368
1242383
1140781
1085345
1242613
1242642
1238127
1242725
1242733
1242763
1239281
1234802
1241867
1242639
1242817
1242887
1242919
1242945
1243151
1243177
1243319
1243350
1243354
1243410
1243417
1243433
1243485
1243751
1239823
1232935
1119711
1243910
1243914
1243925
1242718
1242855
1243953
1243954
1243965
1242791
1244020
1244060
1244065
1244084
1244090
1244091
1244101
1244155
1244162
1244185
1244169
1244223
1244251
1244295
1244301
1244335
1244337
1244353
1244389
1244390
1239431
1244469
1244487
1244489
1244520
1244528
1244611
1244626
1244638
1244652
1244691
1175412
1244730
1245540
1244163
1244793
1244826
1008670
1244959
922530
1245040
1245067
1245075
1245125
1245132
1245137
1245347
1245345
1245360
1245378
1245400
1245484
1245509
1245583
1245608
1245611
1245005
1245675
1245680
1245681
1245757
1245827
1245870
1245879
1245905
1245895
1245977
929145
1246083
1245064
1246187
1246232
1246239
1246265
1246281
1246266
1246500
1246543
1246542
1246544
1246802
1246881
1246950
1247089
1247192
1247208
1247256
1247283
1247404
1247743
1247768
1247808
1247813
1247817
1247834
1247845
1246928
1247863
911865
1247884
1247887
1247900
1247937
1247942
1248004
964530
1248096
1246591
1248222
1248321
1248327
1248347
1248349
1248360
1248366
1248386
1248406
1248436
1102804
1248479
1248488
1248534
1248668
1248775
1248779
1248781
1248833
1248832
1248849
1248873
1117049
1144066
1248962
1249063
1249104
1239832
1249012
1249020
1128423
1101811
943322
955041
1249300
1249311
1249343
1124663
1249349
1249368
1249468
1243457
1249527
1249601
1249629
1249753
1249758
1249826
1249422
1249456
1243208
1249863
1249893
1249913
1249985
1249102
1250017
1250026
1250035
1249260
1250126
1250143
1250028
1250058
1250034
1250175
1250188
1249602
1250216
1250236
1250229
1249639
1250290
1250307
1250398
1250430
1250567
1250776
1246939
1250839
1250884
1250911
1250947
1250983
1250991
1251007
1251083
1251105
1251177
1251213
1251806
1251335
1249307
1249276
1251406
1251409
1251537
1092009
1134925
1251870
1252107
934142
1252046
690020
1252171
1252188
1252244
1252296
1252324
1165131
1252344
1252421
1252443
1187607
1252578
1252649
1252692
1108774
1252712
1252723
1142785
1252797
1252898
1252933
1252936
1252940
1252950
1252978
1252991
1252999
1253018
1253032
1250249
1253055
1253060
1253121
1253137
1253138
1253141
1253145
1253165
1253179
1097736
1253375
1253558
1253799
1253853
1253854
1253857
1253858
1253872
1253911
1253946
1254007
1254075
1254089
1254108
1254151
1254200
1254254
1254311
1246618
1254387
1254524
1254532
1254574
1254600
1254624
1250898
1254655
1254680
1254708
1253973
997004
1254666
1254904
1254923
1254947
1254962
1254970
1254988
1255081
889028
1255185
1255203
1255270
1255308
1249703
1255424
1255637
1255676
1255681
1255754
1255788
1255822
1255829
1253422
1253431
1255890
1256040
1256114
1255670
1256440
1256443
1256565
1256602
1256634
1256760
1161636
1141001
1257142
1257147
1257203
1255839
1183845
1257250
1257299
1257304
1256285
1257399
1257462
1257482
1257503
1257548
1257547
1242300
1257624
1257295
1257683
1257691
1257695
1257726
1257737
909053
1257814
858177
1257944
1257975
1257997
1258046
1186908
1255004
1257930
1258433
1258439
1258445
993281
1258493
1258495
1258511
1258532
1258663
1074131
1258705
1258756
1258758
1258766
1258827
1259038
1259067
1055791
1259152
1259263
1259306
1257549
1259562
1259072
1255485
1259598
1259489
1259667
1259679
1259706
1259743
1259896
1260010
1260220
1260320
1260354
1260384
1260408
990214
1260614
1260666
1259609
1260707
1260719
1259407
1260743
1260799
1260818
988063
1260896
1260669
1260912
1260535
1260947
1257826
1261234
1261427
1261457
1260644
1260985
1261743
1261745
1261771
1261802
1261818
1260949
1262380
1110125
1262388
1262448
1262539
1262674
1262787
1262792
1262802
918644
1262832
1262844
1262846
1262858
1263263
1263300
1263320
1263380
1263381
1263426
1263444
1262226
1263481
1263483
1263503
1263522
1263603
1263005
1263864
1263902
1263903
1263918
1263924
1263947
1263961
1264209
1264215
1264272
1264350
1264496
1264492
1264512
1264521
1264540
1264624
1264627
1264630
1264644
1264647
1264703
1264712
1264725
1264768
1198432
1264786
1264819
1264926
1265211
1265269
1265295
1265323
1265353
1265372
1265389
1265392
1265407
1265417
1265431
1265466
1265499
1265594
1265608
1265699
1265704
1265736
1265777
1265783
1265871
1265910
1265913
1265925
1265926
1266127
1266192
1266208
1266220
1266262
1266265
1266327
1266341
1266373
1266308
1267045
1101449
1267194
1267368
1267459
1264559
1267768
1267939
1267988
1268111
1268138
1038048
1268227